9396, 
11252, 
11020, 
9512, 
10788, 
10208, 
11600, 
11252, 
10672, 
11136, 
9860, 
10092, 
9512, 
10556, 
9628, 
10904, 
11368, 
11252, 
10672, 
11020, 
11020, 
11136, 
11020, 
8468, 
8932, 
9512, 
7772, 
8352, 
9164, 
9744, 
8352, 
8236, 
8468, 
8700, 
8932, 
9048, 
8468, 
8352, 
8236, 
9164, 
8004, 
8584, 
7772, 
7540, 
7424, 
8352, 
7540, 
7888, 
9744, 
9164, 
9744, 
7888, 
8236, 
9512, 
9164, 
8700, 
11716, 
12992, 
12412, 
12296, 
12528, 
15312, 
11716, 
11600, 
10324, 
12412, 
12876, 
13688, 
13688, 
13688, 
11484, 
12296, 
12064, 
12644, 
11832, 
11368, 
11136, 
10556, 
10324, 
11484, 
11484, 
11020, 
11484, 
16936, 
17052, 
16936, 
17052, 
13804, 
12064, 
12180, 
14152, 
5104, 
6496, 
5684, 
15660, 
5336, 
812, 
14384, 
11252, 
9744, 
10904, 
7308, 
16472, 
10440, 
10672, 
1160, 
10788, 
15660, 
15544, 
5336, 
6264, 
11832, 
10672, 
10208, 
12180, 
11020, 
7656, 
16240, 
10440, 
9164, 
8004, 
5684, 
9512, 
13688, 
11484, 
3248, 
